350.0
-540.0
460.0
-450.0
-550.0
490.0
390.0
830.0
750.0
390.0
600.0
550.0
660.0
450.0
-710.0
-580.0
430.0
890.0
-710.0
450.0
460.0
-600.0
500.0
-680.0
750.0
-550.0
350.0
600.0
650.0
860.0
0.0
400.0
150.0
600.0
650.0
-750.0
600.0
600.0
-380.0
-540.0
360.0
370.0
500.0
-600.0
600.0
-780.0
-480.0
880.0
720.0
-440.0
-340.0
-670.0
570.0
-360.0
-620.0
-600.0
-310.0
-400.0
320.0
620.0
900.0
-400.0
770.0
420.0
360.0
-620.0
490.0
-550.0
600.0
-770.0
-550.0
-750.0
400.0
570.0
-590.0
-570.0
-500.0
-720.0
650.0
680.0
900.0
800.0
-740.0
-400.0
-410.0
-800.0
-560.0
-730.0
-590.0
470.0
980.0
390.0
680.0
550.0
950.0
-580.0
480.0
-530.0
790.0
-690.0
680.0
-510.0
500.0
-580.0
600.0
840.0
-350.0
-770.0
-460.0
500.0
-380.0
750.0
-560.0
750.0
550.0
430.0
640.0
340.0
550.0
-630.0
540.0
-450.0
900.0
-430.0
700.0
360.0
-750.0
980.0
750.0
-600.0
-300.0
580.0
900.0
0.0
750.0
0.0
0.0
0.0
-200.0
740.0
610.0
600.0
450.0
610.0
450.0
670.0
900.0
700.0
670.0
-570.0
450.0
730.0
-460.0
750.0
-570.0
750.0
750.0
530.0
700.0
830.0
720.0
600.0
750.0
600.0
750.0
670.0
-300.0
450.0
0.0
300.0
750.0
-450.0
150.0
-790.0
750.0
750.0
450.0
600.0
600.0
600.0
750.0
600.0
750.0
750.0
600.0
150.0
0.0
150.0
250.0
450.0
900.0
450.0
900.0
750.0
600.0
900.0
300.0
600.0
800.0
600.0
-740.0
-160.0
300.0
150.0
300.0
320.0
0.0
-190.0
930.0
910.0
150.0
300.0
0.0
450.0
150.0
900.0
150.0
800.0
300.0
710.0
300.0
950.0
570.0
-540.0
900.0
460.0
830.0
-550.0
900.0
910.0
1000.0
540.0
360.0
860.0
400.0
430.0
900.0
-850.0
900.0
550.0
190.0
750.0
0.0
-50.0
0.0
150.0
0.0
300.0
300.0
600.0
0.0
300.0
0.0
750.0
0.0
750.0
150.0
0.0
750.0
450.0
0.0
800.0
450.0
150.0
150.0
-430.0
0.0
560.0
0.0
600.0
0.0
750.0
940.0
-720.0
450.0
710.0
850.0
-430.0
950.0
610.0
740.0
-650.0
870.0
960.0
850.0
-650.0
370.0
780.0
-460.0
540.0
-840.0
360.0
580.0
700.0
-480.0
-440.0
530.0
370.0
450.0
650.0
430.0
730.0
730.0
380.0
-760.0
370.0
450.0
490.0
-600.0
620.0
480.0
-410.0
-750.0
620.0
750.0
600.0
-580.0
310.0
-450.0
-610.0
480.0
-320.0
-450.0
-400.0
750.0
-520.0
440.0
-610.0
-900.0
370.0
-610.0
-850.0
910.0
450.0
-770.0
-900.0
-720.0
-900.0
560.0
-770.0
-820.0
-910.0
-320.0
-420.0
-410.0
-400.0
-750.0
-870.0
-830.0
-900.0
-520.0
-910.0
340.0
-810.0
-760.0
-470.0
-730.0
-670.0
-720.0
-660.0
-600.0
-360.0
-680.0
-950.0
400.0
-600.0
-610.0
-670.0
-790.0
-910.0
-450.0
-750.0
-800.0
-900.0
-920.0
-640.0
-750.0
-760.0
-390.0
550.0
-720.0
380.0
900.0
350.0
-800.0
-680.0
-410.0
-600.0
-700.0
-450.0
720.0
-360.0
-630.0
-680.0
-790.0
-760.0
430.0
-600.0
780.0
-480.0
780.0
-600.0
600.0
-510.0
750.0
380.0
370.0
470.0
-450.0
550.0
680.0
570.0
-330.0
-760.0
750.0
320.0
660.0
460.0
-670.0
-600.0
550.0
-390.0
750.0
450.0
-730.0
600.0
450.0
